-5.579499975750398264e-16
-2.557230746346189760e-15
-1.134623745064514861e-14
-4.873316533863850721e-14
-2.026145078478389583e-13
-8.154000901273559366e-13
-3.176179595374536144e-12
-1.197434388761163128e-11
-4.369054315328031230e-11
-1.542719830157806044e-10
-5.271369257286822752e-10
-1.742878906269080416e-09
-5.575535025542606522e-09
-1.725626660229122553e-08
-5.166666052471404044e-08
-1.496359711817640372e-07
-4.191587651188503917e-07
-1.135503354777688968e-06
-2.974479031479829682e-06
-7.533303836259593877e-06
-1.844356558570552752e-05
-4.364294894861055435e-05
-9.979505515724600129e-05
-2.204626445953031505e-04
-4.704190171396018818e-04
-9.692515861872074649e-04
-1.927746964000082814e-03
-3.699677089604879246e-03
-6.848411298815291516e-03
-1.222101256506768173e-02
-2.101134222841603491e-02
-3.477883517476809683e-02
-5.537428694480085040e-02
-8.471498647939069981e-02
-1.243587563041523153e-01
-1.748604890051093652e-01
-2.349617254747081163e-01
-3.007586928049237884e-01
-3.650952096125743562e-01
-4.174949137760331497e-01
-4.449345216001704961e-01
-4.336279008278500768e-01
-3.717342435507788867e-01
-2.525688910376914231e-01
-7.758190622617013033e-02
1.417942001082511672e-01
3.842301203910984952e-01
6.209286473131651052e-01
8.201901389055811231e-01
9.532447461281746692e-01
1.000000000000000000e+00
9.532447461281746692e-01
8.201901389055811231e-01
6.209286473131651052e-01
3.842301203910984952e-01
1.417942001082511672e-01
-7.758190622617013033e-02
-2.525688910376914231e-01
-3.717342435507788867e-01
-4.336279008278500768e-01
-4.449345216001704961e-01
-4.174949137760331497e-01
-3.650952096125743562e-01
-3.007586928049237884e-01
-2.349617254747081163e-01
-1.748604890051093652e-01
-1.243587563041523153e-01
-8.471498647939069981e-02
-5.537428694480085040e-02
-3.477883517476809683e-02
-2.101134222841603491e-02
-1.222101256506768173e-02
-6.848411298815291516e-03
-3.699677089604879246e-03
-1.927746964000082814e-03
-9.692515861872074649e-04
-4.704190171396018818e-04
-2.204626445953031505e-04
-9.979505515724600129e-05
-4.364294894861055435e-05
-1.844356558570552752e-05
-7.533303836259593877e-06
-2.974479031479829682e-06
-1.135503354777688968e-06
-4.191587651188503917e-07
-1.496359711817640372e-07
-5.166666052471404044e-08
-1.725626660229122553e-08
-5.575535025542606522e-09
-1.742878906269080416e-09
-5.271369257286822752e-10
-1.542719830157806044e-10
-4.369054315328031230e-11
-1.197434388761163128e-11
-3.176179595374536144e-12
-8.154000901273559366e-13
-2.026145078478389583e-13
-4.873316533863850721e-14
-1.134623745064514861e-14
-2.557230746346189760e-15
-5.579499975750398264e-16
